view 0 anchor points:
419.111,462.198
1871.58,558.771
421.168,1645.67
1865.69,1519.55
++++++++++++++
view 1 anchor points:
402.293,520.807
1953.61,583.784
401.68,1700.67
1950.46,1615.52
++++++++++++++
view 2 anchor points:
413.008,472.491
1999.36,486.814
421.115,1599.09
1995.46,1574.53
++++++++++++++
view 3 anchor points:
457.146,485.827
2019.23,462.745
463.272,1549.47
2012.89,1585.46
++++++++++++++
view 4 anchor points:
518.471,576.908
2005.86,521.12
520.548,1574.1
2002.6,1661.17
++++++++++++++

<?xml version="1.0"?>
<opencv_storage>
<H_mat0 type_id="opencv-matrix">
  <rows>3</rows>
  <cols>3</cols>
  <dt>d</dt>
  <data>
    8.3416397009658838e-01 5.5297866803874565e-03 4.2869172338730067e+01
    -1.0238550147675266e-01 9.1231825471344974e-01
    7.3165207542927519e+01 -1.0516907010881348e-04
    1.1983478880429578e-06 1.</data></H_mat0>
<H_mat1 type_id="opencv-matrix">
  <rows>3</rows>
  <cols>3</cols>
  <dt>d</dt>
  <data>
    8.8134276404835177e-01 9.2004001732221563e-03 4.4771636331312536e+01
    -5.8148573097216258e-02 9.4195239642081352e-01
    -4.8582066153771502e+00 -5.9648380595441273e-05
    4.7628683074957126e-06 1.</data></H_mat1>
<H_mat2 type_id="opencv-matrix">
  <rows>3</rows>
  <cols>3</cols>
  <dt>d</dt>
  <data>
    1.0000000000000002e+00 -1.1139006470856987e-16
    -1.9691137908567676e-13 -1.0360923452774177e-16
    9.9999999999999956e-01 3.9382275817135352e-13
    -9.9727089215473444e-20 -9.8487413940762210e-20 1.</data></H_mat2>
<H_mat3 type_id="opencv-matrix">
  <rows>3</rows>
  <cols>3</cols>
  <dt>d</dt>
  <data>
    1.1673054169748227e+00 1.0681350654666918e-03
    -1.0958719729665654e+02 5.5538356462648417e-02
    1.0883330986070561e+00 -6.8422070028782514e+01
    6.1682452188031387e-05 -4.6069500094874187e-07 1.</data></H_mat3>
<H_mat4 type_id="opencv-matrix">
  <rows>3</rows>
  <cols>3</cols>
  <dt>d</dt>
  <data>
    1.4092288957070034e+00 7.7575077710500418e-03
    -2.9253170466090677e+02 1.2077122971321545e-01
    1.2179620528866419e+00 -2.5893649562672852e+02
    1.3321473050706620e-04 4.4266338425795796e-06 1.</data></H_mat4>
</opencv_storage>
